### NIRSPEC Brown Dwarf Spectroscopic Survey (BDSS)
### McLean et al. 2007, ApJ, 658. 1217; Rice et al. 2010, ApJS, 186, 63
### Please cite the above references if you use  
### or display this data in your publication.
### GL 577BC -- NIRSPEC-3 Filter, dispersion order 59
### lambda (microns)   Flambda (Normalized)
       1.2823071      0.97216253
       1.2823256      0.94421876
       1.2823441      0.94064778
       1.2823626      0.92688638
       1.2823811      0.91960648
       1.2823995      0.88540490
       1.2824180      0.83564144
       1.2824365      0.80550864
       1.2824550      0.88036657
       1.2824734      0.85811955
       1.2824919      0.86794178
       1.2825104      0.86181790
       1.2825289      0.86988981
       1.2825474      0.86147114
       1.2825658      0.87873102
       1.2825843      0.87194083
       1.2826028      0.88791841
       1.2826213      0.88913911
       1.2826397      0.90706815
       1.2826582      0.90609543
       1.2826767      0.91796026
       1.2826952      0.92981794
       1.2827136      0.93493761
       1.2827321      0.92405181
       1.2827506      0.93228344
       1.2827691      0.92891483
       1.2827876      0.93593612
       1.2828060      0.96016103
       1.2828245      0.96773102
       1.2828430      0.96375309
       1.2828615      0.96937342
       1.2828799      0.97125293
       1.2828984      0.98328493
       1.2829169      0.98213595
       1.2829354      0.97809745
       1.2829539      0.97956491
       1.2829723      0.97192033
       1.2829908      0.97467338
       1.2830093      0.96331274
       1.2830278      0.97174391
       1.2830462      0.96242074
       1.2830647      0.97343066
       1.2830832      0.96269666
       1.2831017      0.96837209
       1.2831202      0.96363204
       1.2831386      0.96378101
       1.2831571      0.96609550
       1.2831757      0.96204936
       1.2831942      0.96414321
       1.2832127      0.96875847
       1.2832311      0.96639641
       1.2832496      0.95891353
       1.2832681      0.95981572
       1.2832866      0.94960907
       1.2833050      0.94967408
       1.2833235      0.94912530
       1.2833420      0.93826931
       1.2833605      0.91530752
       1.2833790      0.90640527
       1.2833974      0.90850426
       1.2834159      0.90122255
       1.2834344      0.89063287
       1.2834529      0.90569863
       1.2834713      0.90271227
       1.2834898      0.91017891
       1.2835083      0.91461500
       1.2835268      0.92129302
       1.2835453      0.92427591
       1.2835637      0.93536818
       1.2835822      0.94691908
       1.2836007      0.95071872
       1.2836192      0.93196364
       1.2836376      0.98787528
       1.2836560      0.98391224
       1.2836745      0.98566863
       1.2836930      0.99834855
       1.2837114       1.0025428
       1.2837299       1.0040220
       1.2837484       1.0019956
       1.2837669       1.0102452
       1.2837854       1.0014735
       1.2838038       1.0029411
       1.2838223      0.99393188
       1.2838408       1.0009987
       1.2838593      0.98003433
       1.2838777      0.97641027
       1.2838962      0.97150472
       1.2839147      0.97031262
       1.2839332      0.95891118
       1.2839517      0.95967514
       1.2839701      0.96348288
       1.2839886      0.96779978
       1.2840071      0.95824063
       1.2840257      0.96501028
       1.2840442      0.95955490
       1.2840626      0.96747286
       1.2840811      0.96196382
       1.2840996      0.94959744
       1.2841181      0.95724744
       1.2841366      0.95853405
       1.2841550      0.95042377
       1.2841735      0.96426823
       1.2841920      0.97533444
       1.2842105      0.98520730
       1.2842289      0.99296712
       1.2842474      0.98863007
       1.2842659      0.99057352
       1.2842844      0.99293222
       1.2843028      0.98773309
       1.2843213      0.99087381
       1.2843398      0.98670387
       1.2843583      0.99171642
       1.2843768      0.98517242
       1.2843952      0.98069137
       1.2844137      0.97793736
       1.2844322      0.96850982
       1.2844507      0.98495556
       1.2844691      0.97812094
       1.2844876      0.94915338
       1.2845061      0.93041723
       1.2845246      0.91646895
       1.2845431      0.92432177
       1.2845615      0.94789699
       1.2845800      0.96914393
       1.2845985      0.94834047
       1.2846170      0.95336495
       1.2846354      0.96352077
       1.2846539      0.96667353
       1.2846724      0.96840073
       1.2846909      0.97023722
       1.2847094      0.96772199
       1.2847278      0.97541482
       1.2847463      0.97304280
       1.2847648      0.96940590
       1.2847833      0.96201419
       1.2848017      0.94871872
       1.2848202      0.94896732
       1.2848387      0.94624273
       1.2848572      0.94194287
       1.2848756      0.93661023
       1.2848942      0.94916261
       1.2849127      0.93396953
       1.2849312      0.92149798
       1.2849497      0.91741340
       1.2849682      0.91602214
       1.2849866      0.92006570
       1.2850051      0.91320287
       1.2850236      0.91286844
       1.2850421      0.90850231
       1.2850605      0.90607406
       1.2850790      0.90535395
       1.2850975      0.91392370
       1.2851160      0.91798653
       1.2851345      0.93516408
       1.2851529      0.93663261
       1.2851714      0.95193689
       1.2851899      0.96151503
       1.2852084      0.97299331
       1.2852268      0.97238839
       1.2852453      0.97740292
       1.2852638      0.97227480
       1.2852823      0.98481163
       1.2853007      0.98042198
       1.2853192      0.98054860
       1.2853377      0.97870644
       1.2853562      0.97582623
       1.2853747      0.97333420
       1.2853931      0.98277650
       1.2854116      0.98953429
       1.2854301      0.98729783
       1.2854486      0.98217725
       1.2854670      0.97390751
       1.2854855      0.97788606
       1.2855040      0.98109492
       1.2855225      0.97183652
       1.2855410      0.96988208
       1.2855594      0.97849272
       1.2855779      0.96224856
       1.2855964      0.96792031
       1.2856149      0.96118557
       1.2856333      0.95799201
       1.2856518      0.94739879
       1.2856703      0.93827691
       1.2856888      0.95617308
       1.2857073      0.95723090
       1.2857257      0.94814876
       1.2857443      0.95263159
       1.2857628      0.94557213
       1.2857813      0.96487353
       1.2857998      0.95832421
       1.2858182      0.95768463
       1.2858367      0.96148380
       1.2858552      0.96872063
       1.2858737      0.96046960
       1.2858921      0.96173827
       1.2859106      0.95353885
       1.2859291      0.96255767
       1.2859476      0.95519241
       1.2859661      0.96373077
       1.2859845      0.95537395
       1.2860030      0.94980668
       1.2860215      0.95925052
       1.2860400      0.96728596
       1.2860584      0.95284885
       1.2860769      0.94551729
       1.2860954      0.94310925
       1.2861139      0.95634196
       1.2861324      0.95502726
       1.2861508      0.94555325
       1.2861693      0.93533154
       1.2861878      0.93565225
       1.2862063      0.93666336
       1.2862247      0.94532813
       1.2862432      0.94203419
       1.2862617      0.94660369
       1.2862802      0.94349903
       1.2862986      0.96496085
       1.2863171      0.95872137
       1.2863356      0.95313491
       1.2863541      0.95810731
       1.2863726      0.96570332
       1.2863910      0.95860620
       1.2864095      0.96313543
       1.2864280      0.97066712
       1.2864465      0.96834718
       1.2864649      0.97723371
       1.2864834      0.98285575
       1.2865019      0.97637882
       1.2865204      0.97089411
       1.2865389      0.97570522
       1.2865573      0.97093344
       1.2865758      0.97461751
       1.2865943      0.97824100
       1.2866129      0.94634453
       1.2866314      0.93028851
       1.2866498      0.94093240
       1.2866683      0.95231170
       1.2866868      0.96231609
       1.2867053      0.96037814
       1.2867237      0.96757334
       1.2867422      0.96705743
       1.2867607      0.96314439
       1.2867792      0.95906010
       1.2867977      0.95899218
       1.2868161      0.96257344
       1.2868346      0.96675885
       1.2868531      0.96682222
       1.2868716      0.96496155
       1.2868900      0.96054559
       1.2869085      0.96996949
       1.2869270      0.96802770
       1.2869455      0.96059280
       1.2869640      0.96833404
       1.2869824      0.96395382
       1.2870009      0.96577863
       1.2870194      0.97342845
       1.2870379      0.96601256
       1.2870563      0.96743196
       1.2870748      0.97989126
       1.2870933      0.97830582
       1.2871118      0.99246230
       1.2871303      0.98304844
       1.2871487      0.98593009
       1.2871671      0.98320177
       1.2871856      0.97860700
       1.2872041      0.97864668
       1.2872225      0.97543898
       1.2872410      0.97681486
       1.2872595      0.98181289
       1.2872780      0.98797606
       1.2872965      0.98918994
       1.2873149      0.98634913
       1.2873334      0.98600448
       1.2873519      0.98955070
       1.2873704       1.0014266
       1.2873888       1.0043400
       1.2874073       1.0171966
       1.2874258       1.0057591
       1.2874443       1.0047440
       1.2874629       1.0062978
       1.2874813       1.0049267
       1.2874998       1.0065623
       1.2875183       1.0031777
       1.2875368      0.99293137
       1.2875553      0.99481749
       1.2875737      0.98492919
       1.2875922      0.98790960
       1.2876107      0.97624715
       1.2876292      0.97921787
       1.2876476      0.97080890
       1.2876661      0.97145161
       1.2876846      0.96013455
       1.2877031      0.96214718
       1.2877216      0.96067037
       1.2877400      0.95081910
       1.2877585      0.94340712
       1.2877770      0.94465843
       1.2877955      0.94647987
       1.2878139      0.94639886
       1.2878324      0.94588367
       1.2878509      0.94499732
       1.2878694      0.95144927
       1.2878878      0.95580447
       1.2879063      0.96383751
       1.2879248      0.97100974
       1.2879433      0.96251991
       1.2879618      0.96262404
       1.2879802      0.95584520
       1.2879987      0.95825911
       1.2880172      0.95685250
       1.2880357      0.95387169
       1.2880541      0.95547955
       1.2880726      0.95273746
       1.2880911      0.94929504
       1.2881096      0.95341311
       1.2881281      0.95241180
       1.2881465      0.94626914
       1.2881650      0.93704366
       1.2881835      0.92385138
       1.2882020      0.91061115
       1.2882204      0.90656256
       1.2882389      0.91094224
       1.2882574      0.92789641
       1.2882759      0.93304200
       1.2882944      0.93411746
       1.2883128      0.93259904
       1.2883314      0.92977776
       1.2883499      0.93567137
       1.2883684      0.94471538
       1.2883869      0.94474264
       1.2884053      0.94883963
       1.2884238      0.95032665
       1.2884423      0.95917367
       1.2884608      0.96713589
       1.2884792      0.96202296
       1.2884977      0.96890378
       1.2885162      0.96345554
       1.2885347      0.96797075
       1.2885532      0.95189338
       1.2885716      0.96247837
       1.2885901      0.95872263
       1.2886086      0.96578208
       1.2886271      0.95942890
       1.2886455      0.96624061
       1.2886640      0.95751086
       1.2886825      0.96033193
       1.2887010      0.94841607
       1.2887195      0.95429819
       1.2887379      0.94417396
       1.2887564      0.93871548
       1.2887749      0.92837611
       1.2887934      0.93669646
       1.2888118      0.94147863
       1.2888303      0.93890623
       1.2888488      0.91667377
       1.2888673      0.91564805
       1.2888857      0.92812165
       1.2889042      0.95494585
       1.2889227      0.96684913
       1.2889412      0.97174378
       1.2889597      0.95633564
       1.2889781      0.97365892
       1.2889966      0.97057425
       1.2890151      0.97933491
       1.2890336      0.97646156
       1.2890520      0.96728341
       1.2890705      0.97240298
       1.2890890      0.97975616
       1.2891075      0.98760540
       1.2891260      0.98318871
       1.2891444      0.98547263
       1.2891629      0.98593875
       1.2891814      0.98422653
       1.2892000      0.99132208
       1.2892185      0.98410355
       1.2892369      0.98885190
       1.2892554      0.98580634
       1.2892739      0.98072537
       1.2892924      0.96075606
       1.2893108      0.97463911
       1.2893293      0.98064642
       1.2893478      0.98750631
       1.2893663      0.98259478
       1.2893848      0.99494560
       1.2894032      0.98677181
       1.2894217      0.99622330
       1.2894402      0.99046785
       1.2894587      0.98462614
       1.2894771      0.98400265
       1.2894956      0.98083465
       1.2895141      0.97453258
       1.2895326      0.98019570
       1.2895511      0.99574542
       1.2895695      0.98268642
       1.2895880      0.97949553
       1.2896065      0.98391944
       1.2896250      0.97618586
       1.2896434      0.96863386
       1.2896619      0.95787876
       1.2896804      0.97241164
       1.2896989      0.96913437
       1.2897174      0.98669816
       1.2897358      0.98931725
       1.2897543      0.98947248
       1.2897728      0.99094654
       1.2897913      0.99626719
       1.2898097      0.98921852
       1.2898282      0.98403438
       1.2898467      0.98856724
       1.2898652      0.98206914
       1.2898836      0.97420041
       1.2899021      0.98520484
       1.2899206      0.96513263
       1.2899391      0.98637978
       1.2899576      0.97218669
       1.2899760      0.96892471
       1.2899945      0.95686712
       1.2900130      0.95766219
       1.2900315      0.95216651
       1.2900501      0.97502780
       1.2900685      0.95849264
       1.2900870      0.95448058
       1.2901055      0.93703132
       1.2901240      0.92833384
       1.2901425      0.90617596
       1.2901609      0.89846283
       1.2901794      0.88824554
       1.2901979      0.87074561
       1.2902164      0.84908640
       1.2902348      0.84666018
       1.2902533      0.83915134
       1.2902718      0.83076099
       1.2902903      0.82408886
       1.2903087      0.81961439
       1.2903272      0.81854056
       1.2903457      0.82045933
       1.2903642      0.82467457
       1.2903827      0.83988630
       1.2904011      0.84980380
       1.2904196      0.87080324
       1.2904381      0.89230102
       1.2904566      0.90558497
       1.2904750      0.92144537
       1.2904935      0.92321830
       1.2905120      0.90840356
       1.2905305      0.90436788
       1.2905490      0.90038681
       1.2905674      0.94352009
       1.2905859      0.96269997
       1.2906044      0.96155364
       1.2906229      0.95530868
       1.2906413      0.95799972
       1.2906597      0.95976603
       1.2906782      0.97073114
       1.2906967      0.97559193
       1.2907152      0.97580216
       1.2907336      0.97051593
       1.2907521      0.97463198
       1.2907706      0.98055352
       1.2907891      0.98610136
       1.2908075      0.97378349
       1.2908260      0.97168944
       1.2908445      0.97526438
       1.2908630      0.97179285
       1.2908815      0.97827463
       1.2908999      0.96952841
       1.2909185      0.95953686
       1.2909370      0.95881383
       1.2909555      0.95940278
       1.2909740      0.96074755
       1.2909924      0.95463040
       1.2910109      0.95842660
       1.2910294      0.95584527
       1.2910479      0.95684546
       1.2910663      0.95828587
       1.2910848      0.95258576
       1.2911033      0.94989604
       1.2911218      0.95041319
       1.2911403      0.95127127
       1.2911587      0.95579411
       1.2911772      0.94486267
       1.2911957      0.94674832
       1.2912142      0.94035442
       1.2912326      0.93686622
       1.2912511      0.93295324
       1.2912696      0.93369690
       1.2912881      0.92380973
       1.2913066      0.92628396
       1.2913250      0.92962182
       1.2913435      0.93878542
       1.2913620      0.94504955
       1.2913805      0.93928937
       1.2913989      0.94752354
       1.2914174      0.95266077
       1.2914359      0.95042181
       1.2914544      0.95820707
       1.2914728      0.96133476
       1.2914913      0.97185103
       1.2915098      0.96764264
       1.2915283      0.96854814
       1.2915468      0.97037274
       1.2915652      0.97780739
       1.2915837      0.97373903
       1.2916022      0.96764859
       1.2916207      0.96802633
       1.2916391      0.97083032
       1.2916576      0.97265362
       1.2916761      0.95005560
       1.2916946      0.93083263
       1.2917131      0.91895072
       1.2917315      0.94091929
       1.2917500      0.95508761
       1.2917686      0.96963155
       1.2917871      0.97172060
       1.2918056      0.96678736
       1.2918240      0.96549806
       1.2918425      0.96350049
       1.2918610      0.95335164
       1.2918795      0.95946393
       1.2918979      0.94682428
       1.2919164      0.94728522
       1.2919349      0.93904180
       1.2919534      0.93740708
       1.2919719      0.92653225
       1.2919903      0.93617672
       1.2920088      0.91862640
       1.2920273      0.91307928
       1.2920458      0.91367972
       1.2920642      0.93561505
       1.2920827      0.93898708
       1.2921012      0.94295488
       1.2921197      0.94762653
       1.2921382      0.96568638
       1.2921566      0.95803343
       1.2921751      0.94947827
       1.2921936      0.90152388
       1.2922121      0.95666994
       1.2922305      0.96190340
       1.2922490      0.95279977
       1.2922675      0.95700142
       1.2922860      0.96762567
       1.2923045      0.96673915
       1.2923229      0.96751502
       1.2923414      0.96983918
       1.2923599      0.97249445
       1.2923784      0.97648546
       1.2923968      0.97601679
       1.2924153      0.96964392
       1.2924338      0.97791833
       1.2924523      0.98282159
       1.2924707      0.97905484
       1.2924892      0.97257940
       1.2925077      0.97959907
       1.2925262      0.97197626
       1.2925447      0.97652714
       1.2925631      0.97148345
       1.2925816      0.96949038
       1.2926001      0.96483610
       1.2926186      0.90521330
       1.2926372      0.81218065
       1.2926556      0.95508547
       1.2926741      0.97709391
       1.2926926      0.98138487
       1.2927111      0.98436170
       1.2927296      0.98443512
       1.2927480      0.97323948
       1.2927665      0.97812496
       1.2927850      0.97149567
       1.2928035      0.96431238
       1.2928219      0.95730839
       1.2928404      0.96858853
       1.2928589      0.95924255
       1.2928774      0.96180373
       1.2928958      0.96682256
       1.2929143      0.95520258
       1.2929328      0.95613808
       1.2929513      0.96169065
       1.2929698      0.95752669
       1.2929882      0.96534281
       1.2930067      0.96620193
       1.2930252      0.97562859
       1.2930437      0.97550060
       1.2930621      0.97726009
       1.2930806      0.97672372
       1.2930991      0.97300097
       1.2931176      0.96513479
       1.2931361      0.96537053
       1.2931545      0.95895218
       1.2931730      0.95979644
       1.2931915      0.96418402
       1.2932100      0.96181650
       1.2932284      0.96575199
       1.2932469      0.96169333
       1.2932654      0.96460335
       1.2932839      0.96845003
       1.2933024      0.95753637
       1.2933208      0.95830100
       1.2933393      0.95650809
       1.2933578      0.95363593
       1.2933763      0.95234660
       1.2933947      0.95219372
       1.2934132      0.95716356
       1.2934317      0.95728568
       1.2934502      0.96057465
       1.2934686      0.96124198
       1.2934871      0.96020226
       1.2935057      0.95719172
       1.2935242      0.96165284
       1.2935427      0.96534129
       1.2935612      0.96266831
       1.2935796      0.96768299
       1.2935981      0.97459773
       1.2936166      0.97155144
       1.2936351      0.97357869
       1.2936535      0.96877574
       1.2936720      0.97845620
       1.2936905      0.97959638
       1.2937090      0.98246191
       1.2937275      0.97140645
       1.2937459      0.99037318
       1.2937644      0.98724495
       1.2937829      0.98457709
       1.2938014      0.97046633
       1.2938198      0.97345997
       1.2938383      0.97375549
       1.2938568      0.97857645
       1.2938753      0.97766553
       1.2938937      0.97378531
       1.2939122      0.96749154
       1.2939307      0.96800066
       1.2939492      0.96194973
       1.2939677      0.97228703
       1.2939861      0.97530221
       1.2940046      0.97342537
       1.2940231      0.96528599
       1.2940416      0.96758717
       1.2940600      0.96024244
       1.2940785      0.95570210
       1.2940970      0.95196433
       1.2941155      0.94171984
       1.2941340      0.95364235
       1.2941524      0.96336831
       1.2941708      0.96141743
       1.2941893      0.95630472
       1.2942078      0.95722154
       1.2942262      0.95356860
       1.2942447      0.95869426
       1.2942632      0.96927129
       1.2942817      0.96958594
       1.2943002      0.99238685
       1.2943186      0.97619598
       1.2943371      0.96973595
       1.2943557      0.97910091
       1.2943742      0.98168000
       1.2943927      0.97679160
       1.2944111      0.97773959
       1.2944296      0.97629483
       1.2944481      0.97635550
       1.2944666      0.97112169
       1.2944850      0.97179791
       1.2945035      0.97553369
       1.2945220      0.97488352
       1.2945405      0.96802488
       1.2945590      0.97021869
       1.2945774      0.97308265
       1.2945959      0.96911005
       1.2946144      0.96771477
       1.2946329      0.97970271
       1.2946513      0.97163065
       1.2946698      0.97147805
       1.2946883      0.97679780
       1.2947068      0.97907159
       1.2947253      0.97605260
       1.2947437      0.96357399
       1.2947622      0.96146139
       1.2947807      0.95228763
       1.2947992      0.95121575
       1.2948176      0.95955767
       1.2948361      0.96312625
       1.2948546      0.96425905
       1.2948731      0.97262492
       1.2948916      0.97305078
       1.2949100      0.96991242
       1.2949285      0.96198178
       1.2949470      0.96834475
       1.2949655      0.97336392
       1.2949839      0.97966441
       1.2950024      0.98710317
       1.2950209      0.98469194
       1.2950394      0.98509552
       1.2950578      0.98938987
       1.2950763      0.98972331
       1.2950948      0.99169354
       1.2951133      0.98232061
       1.2951318      0.98837168
       1.2951502      0.98710147
       1.2951687      0.99317226
       1.2951872      0.99408502
       1.2952058       1.0028397
       1.2952243       1.0021335
       1.2952427      0.99765226
       1.2952612      0.99856281
       1.2952797      0.99777894
       1.2952982      0.98588760
       1.2953167      0.98672418
       1.2953351      0.97769300
       1.2953536      0.98197765
       1.2953721      0.97520864
       1.2953906      0.97704362
       1.2954090      0.96671305
       1.2954275      0.96263372
       1.2954460      0.94215841
       1.2954645      0.91756543
       1.2954829      0.92269118
       1.2955014      0.93411098
       1.2955199      0.95144911
       1.2955384      0.96454022
       1.2955569      0.97053068
       1.2955753      0.96911103
       1.2955938      0.97103881
       1.2956123      0.96731456
       1.2956308      0.95651429
       1.2956492      0.93185746
       1.2956677      0.91986285
       1.2956862      0.91694255
       1.2957047      0.93128454
       1.2957232      0.95280231
       1.2957416      0.95799334
       1.2957601      0.96560920
       1.2957786      0.96233746
       1.2957971      0.95631541
       1.2958155      0.95147865
       1.2958340      0.94982970
       1.2958525      0.93984726
       1.2958710      0.94050558
       1.2958895      0.94753749
       1.2959079      0.96091373
       1.2959264      0.96052482
       1.2959449      0.95376384
       1.2959634      0.95333413
       1.2959818      0.95673379
       1.2960003      0.95201115
       1.2960188      0.94967922
       1.2960373      0.95702634
       1.2960557      0.95230694
       1.2960743      0.95484982
       1.2960928      0.95795185
       1.2961113      0.96195999
       1.2961298      0.95265372
       1.2961483      0.95599607
       1.2961667      0.95433192
       1.2961852      0.95004127
       1.2962037      0.95782134
       1.2962222      0.96307096
       1.2962406      0.95897804
       1.2962591      0.96596172
       1.2962776      0.95952935
       1.2962961      0.95783586
       1.2963146      0.96710107
       1.2963330      0.95896304
       1.2963515      0.96782461
       1.2963700      0.96227632
       1.2963885      0.95641932
       1.2964069      0.95782030
       1.2964254      0.96911912
       1.2964439      0.97869893
       1.2964624      0.98227332
       1.2964808      0.93915769
       1.2964993      0.93685165
       1.2965178      0.97571393
       1.2965363      0.97893708
       1.2965548      0.97324100
       1.2965732      0.96421327
       1.2965917      0.95491429
       1.2966102      0.95510017
       1.2966287      0.95230320
       1.2966471      0.96777509
       1.2966656      0.98488177
       1.2966841      0.98323115
       1.2967026      0.97181770
       1.2967211      0.97049991
       1.2967395      0.96947330
       1.2967580      0.97220390
       1.2967765      0.96398326
       1.2967950      0.96465001
       1.2968134      0.96622666
       1.2968319      0.97232435
       1.2968504      0.95911386
       1.2968689      0.96173856
       1.2968874      0.95623162
       1.2969058      0.94074478
       1.2969243      0.93547141
       1.2969429      0.95733296
       1.2969614      0.96273638
       1.2969799      0.97652182
       1.2969983      0.97104522
       1.2970168      0.97337326
       1.2970353      0.96934787
       1.2970538      0.97038642
       1.2970722      0.97363256
       1.2970907      0.97088705
       1.2971092      0.97641980
       1.2971277      0.97368030
       1.2971462      0.97253021
       1.2971646      0.97375661
       1.2971831       1.0031513
       1.2972016      0.97682378
       1.2972201      0.94676192
       1.2972385      0.92025120
       1.2972570      0.87310859
       1.2972755      0.83791668
       1.2972940      0.86135515
       1.2973125      0.90973993
       1.2973309      0.93460100
       1.2973494      0.93716713
       1.2973679      0.93645465
       1.2973864      0.91001010
       1.2974048      0.90283078
       1.2974233      0.91331931
       1.2974418      0.94862882
       1.2974603      0.96030129
       1.2974787      0.97417118
       1.2974972      0.97282314
       1.2975157      0.97861801
       1.2975342      0.98066731
       1.2975527      0.97807275
       1.2975711      0.97521861
       1.2975896      0.97591657
       1.2976081      0.97194774
       1.2976266      0.96839030
       1.2976450      0.97145363
       1.2976634      0.96657166
       1.2976819      0.97425404
       1.2977004      0.97126158
       1.2977189      0.96698937
       1.2977373      0.96560397
       1.2977558      0.95947044
       1.2977743      0.94637093
       1.2977928      0.94445719
       1.2978114      0.93942087
       1.2978298      0.93086845
       1.2978483      0.92644266
       1.2978668      0.91689439
       1.2978853      0.90000359
       1.2979038      0.89282784
       1.2979222      0.89571732
       1.2979407      0.91567428
       1.2979592      0.92239502
       1.2979777      0.93459097
       1.2979961      0.93830891
       1.2980146      0.94193105
       1.2980331      0.94740366
       1.2980516      0.95694078
       1.2980700      0.95855565
       1.2980885      0.96928781
       1.2981070      0.96577526
       1.2981255      0.96924677
       1.2981440      0.97896520
       1.2981624      0.97331557
       1.2981809      0.96614828
       1.2981994      0.97268020
       1.2982179      0.96537668
       1.2982363      0.95243490
       1.2982548      0.95241238
       1.2982733      0.96473456
       1.2982918      0.96257273
       1.2983103      0.96631505
       1.2983287      0.96324182
       1.2983472      0.96873863
       1.2983657      0.96832926
       1.2983842      0.96444798
       1.2984026      0.97046665
       1.2984211      0.96329951
       1.2984396      0.97116576
       1.2984581      0.96979550
       1.2984766      0.96660846
       1.2984950      0.96183544
       1.2985135      0.95949574
       1.2985320      0.95015137
       1.2985505      0.96181007
       1.2985689      0.96714326
       1.2985874      0.97146848
       1.2986059      0.96842783
       1.2986244      0.97786826
       1.2986428      0.97995627
       1.2986614      0.98228592
       1.2986799      0.97519089
       1.2986984      0.98060985
       1.2987169      0.98004271
       1.2987354      0.98473850
       1.2987538      0.98521620
       1.2987723      0.98826896
       1.2987908      0.99491292
       1.2988093      0.99783664
       1.2988277      0.98782707
       1.2988462      0.98975698
       1.2988647      0.99289626
       1.2988832      0.99417896
       1.2989017      0.99136137
       1.2989201      0.99211331
       1.2989386      0.99597376
       1.2989571      0.98923302
       1.2989756      0.99568442
       1.2989940      0.98566114
       1.2990125      0.99065451
       1.2990310      0.98877634
       1.2990495      0.99058278
       1.2990679      0.98837153
       1.2990864      0.98998057
       1.2991049      0.99133524
       1.2991234      0.99331514
       1.2991419      0.99074314
       1.2991603      0.99552715
       1.2991788      0.99320457
       1.2991973      0.99955334
       1.2992158      0.98860077
       1.2992342      0.98443094
       1.2992527      0.98820695
       1.2992712      0.98835223
       1.2992897      0.98816125
       1.2993082      0.98390942
       1.2993266      0.98250945
       1.2993451      0.98129121
       1.2993636      0.98524422
       1.2993821      0.97357287
       1.2994005      0.95382542
       1.2994190      0.91825512
       1.2994375      0.86641874
       1.2994560      0.86650552
       1.2994745      0.91269152
       1.2994929      0.95810761
       1.2995115      0.98679850
       1.2995300      0.97512149
       1.2995485      0.97809701
       1.2995670      0.97886623
       1.2995854      0.98889489
       1.2996039      0.98501870
       1.2996224      0.98359253
       1.2996409      0.97943716
       1.2996593      0.99147073
       1.2996778      0.97646331
       1.2996963      0.95316677
       1.2997148      0.92092436
       1.2997333      0.92256570
       1.2997517      0.94970496
       1.2997702      0.98894064
       1.2997887       1.0004975
       1.2998072      0.99456059
       1.2998256      0.99352415
       1.2998441      0.98771867
       1.2998626      0.99414663
       1.2998811      0.98651220
       1.2998996      0.98901599
       1.2999180      0.98832042
       1.2999365      0.98716040
       1.2999550      0.98191006
       1.2999735      0.98534903
       1.2999919      0.97866476
       1.3000104      0.97514522
       1.3000289      0.98192112
       1.3000474      0.98316021
       1.3000658      0.97885814
       1.3000843      0.97826545
       1.3001028      0.96871759
       1.3001213      0.97502963
       1.3001398      0.97167788
       1.3001582      0.97686350
       1.3001767      0.97565806
       1.3001952      0.97645288
       1.3002137      0.96680915
       1.3002321      0.96743514
       1.3002506      0.96608806
       1.3002691      0.96830624
       1.3002876      0.96393056
       1.3003061      0.96860558
       1.3003245      0.95965720
       1.3003430      0.96199956
       1.3003615      0.95319937
       1.3003801      0.92224515
       1.3003986      0.86285179
       1.3004170      0.82423175
       1.3004355      0.84102227
       1.3004540      0.90886657
       1.3004725      0.95188445
       1.3004909      0.95796545
       1.3005094      0.96971869
       1.3005279      0.97271749
       1.3005464      0.97973406
       1.3005649      0.98032959
       1.3005833      0.96787468
       1.3006018      0.94879487
       1.3006203      0.93102939
       1.3006388      0.92262834
       1.3006572      0.92133103
       1.3006757      0.94532792
       1.3006942      0.96519669
       1.3007127      0.98166226
       1.3007312      0.98526517
       1.3007496      0.99405397
       1.3007681       1.0041213
       1.3007866       1.0135636
       1.3008051       1.0117208
       1.3008235       1.0119689
       1.3008420       1.0118625
       1.3008605       1.0105500
       1.3008790      0.99868097
       1.3008975       1.0080746
       1.3009159       1.0051481
       1.3009344      0.99292958
       1.3009529      0.99404809
       1.3009714      0.99558869
       1.3009898      0.95228070
       1.3010083      0.95228070
       1.3010268      0.95228070
       1.3010453      0.95228070
       1.3010638      0.95228070
       1.3010822      0.95228070
       1.3011007      0.95228070
       1.3011192      0.95228070
       1.3011377      0.95228070
       1.3011561      0.95228070
       1.3011745      0.95228070
       1.3011930      0.95228070
       1.3012115      0.95228070
