### NIRSPEC Brown Dwarf Spectroscopic Survey (BDSS)
### McLean et al. 2007, ApJ, 658. 1217
### Please cite the above reference if you use  
### or display this data in your publication.
###     Wolf 359 -- NIRSPEC-3 Filter, dispersion order 58
### lambda (microns)   Flambda (Normalized)
       1.3044714      0.92701733
       1.3044902      0.92874286
       1.3045092      0.93243277
       1.3045280      0.92746086
       1.3045469      0.91730253
       1.3045658      0.91507177
       1.3045847      0.91402111
       1.3046035      0.91813960
       1.3046223      0.91222921
       1.3046413      0.91999647
       1.3046601      0.93100121
       1.3046789      0.93823519
       1.3046979      0.95157866
       1.3047167      0.95956137
       1.3047356      0.96578677
       1.3047545      0.95699083
       1.3047734      0.94611508
       1.3047922      0.93594880
       1.3048110      0.93165599
       1.3048300      0.93225329
       1.3048488      0.92769408
       1.3048677      0.92851572
       1.3048866      0.94415679
       1.3049054      0.95701887
       1.3049243      0.97232530
       1.3049431      0.97281604
       1.3049621      0.97314320
       1.3049809      0.96911445
       1.3049997      0.96747865
       1.3050186      0.96493615
       1.3050374      0.95516340
       1.3050563      0.94851737
       1.3050752      0.93971208
       1.3050941      0.93379656
       1.3051129      0.92210431
       1.3051317      0.92407055
       1.3051507      0.92150982
       1.3051695      0.91913977
       1.3051883      0.92779597
       1.3052073      0.93985697
       1.3052261      0.94294162
       1.3052450      0.95588783
       1.3052638      0.96785722
       1.3052828      0.97702706
       1.3053016      0.96383315
       1.3053204      0.94124039
       1.3053394      0.93451958
       1.3053582      0.93526270
       1.3053771      0.95710767
       1.3053960      0.97959293
       1.3054148      0.98314496
       1.3054337      0.97307309
       1.3054525      0.97757389
       1.3054715      0.98055572
       1.3054903      0.98610342
       1.3055091      0.99130060
       1.3055281      0.99705862
       1.3055469      0.99817564
       1.3055658      0.99214187
       1.3055846      0.98972556
       1.3056036      0.99599302
       1.3056224      0.99043129
       1.3056412      0.98127547
       1.3056602      0.97779823
       1.3056790      0.96830123
       1.3056978      0.96029515
       1.3057167      0.94795185
       1.3057356      0.94903615
       1.3057545      0.94809674
       1.3057733      0.94257707
       1.3057923      0.93832866
       1.3058111      0.94457275
       1.3058299      0.94863421
       1.3058489      0.94126376
       1.3058677      0.93510333
       1.3058866      0.92902189
       1.3059054      0.91832561
       1.3059243      0.92141541
       1.3059432      0.91362946
       1.3059620      0.90962548
       1.3059810      0.90368191
       1.3059998      0.90636323
       1.3060186      0.90997180
       1.3060375      0.91209134
       1.3060564      0.90653148
       1.3060753      0.90571965
       1.3060941      0.91649772
       1.3061131      0.92541190
       1.3061319      0.92261655
       1.3061507      0.92942009
       1.3061697      0.92566849
       1.3061885      0.93113347
       1.3062073      0.93403445
       1.3062262      0.92893636
       1.3062451      0.92758472
       1.3062640      0.92827923
       1.3062828      0.94266587
       1.3063018      0.94760600
       1.3063206      0.94669462
       1.3063394      0.94792848
       1.3063582      0.95204136
       1.3063771      0.95197125
       1.3063960      0.95644367
       1.3064148      0.96088103
       1.3064337      0.96531839
       1.3064526      0.96975576
       1.3064714      0.97419312
       1.3064902      0.97863048
       1.3065092      0.99765219
       1.3065280       1.0012977
       1.3065469      0.98588843
       1.3065658      0.97207292
       1.3065847      0.97134382
       1.3066035      0.96752072
       1.3066225      0.97451727
       1.3066413      0.97009594
       1.3066601      0.96229550
       1.3066790      0.94977928
       1.3066979      0.95268166
       1.3067167      0.97433033
       1.3067356      0.98752891
       1.3067545      0.98931894
       1.3067734      0.98412644
       1.3067922      0.98258879
       1.3068110      0.97637274
       1.3068300      0.96856763
       1.3068488      0.95207407
       1.3068677      0.94554021
       1.3068866      0.92735711
       1.3069055      0.91895189
       1.3069243      0.91165201
       1.3069432      0.90366415
       1.3069621      0.87990904
       1.3069809      0.87902804
       1.3069998      0.90712177
       1.3070187      0.93913722
       1.3070375      0.95584576
       1.3070564      0.94970917
       1.3070753      0.95821067
       1.3070942      0.96272548
       1.3071130      0.94654039
       1.3071318      0.94060009
       1.3071508      0.94680212
       1.3071696      0.93511314
       1.3071885      0.94250229
       1.3072074      0.94797989
       1.3072262      0.96534744
       1.3072451      0.97544734
       1.3072640      0.98062115
       1.3072829      0.97878438
       1.3073017      0.97815343
       1.3073205      0.96923130
       1.3073395      0.96368359
       1.3073583      0.94720406
       1.3073772      0.92456222
       1.3073961      0.91148749
       1.3074150      0.90389316
       1.3074338      0.90515647
       1.3074526      0.92351017
       1.3074716      0.93783839
       1.3074904      0.95495308
       1.3075093      0.96355740
       1.3075282      0.96217398
       1.3075470      0.95025132
       1.3075659      0.93628625
       1.3075847      0.92256841
       1.3076037      0.91978147
       1.3076225      0.92352746
       1.3076413      0.94050194
       1.3076603      0.95795829
       1.3076790      0.96717019
       1.3076979      0.97425555
       1.3077168      0.98337397
       1.3077356      0.97984531
       1.3077545      0.97054929
       1.3077733      0.96865643
       1.3077923      0.96287036
       1.3078111      0.96503430
       1.3078299      0.96780581
       1.3078489      0.96330035
       1.3078677      0.96248066
       1.3078866      0.95940825
       1.3079054      0.95633583
       1.3079244      0.95326342
       1.3079432      0.95019100
       1.3079620      0.94711859
       1.3079810      0.94404617
       1.3079998      0.94542804
       1.3080187      0.91670617
       1.3080376      0.89463172
       1.3080564      0.88432991
       1.3080753      0.87060086
       1.3080941      0.86931932
       1.3081131      0.86171705
       1.3081319      0.86564812
       1.3081507      0.84941582
       1.3081697      0.85985785
       1.3081885      0.87285546
       1.3082074      0.88137659
       1.3082262      0.90476388
       1.3082451      0.92124809
       1.3082640      0.93988034
       1.3082828      0.95216755
       1.3083018      0.96476322
       1.3083206      0.96629620
       1.3083394      0.95641128
       1.3083584      0.94614312
       1.3083772      0.93043989
       1.3083961      0.91902807
       1.3084149      0.92889383
       1.3084339      0.94753589
       1.3084527      0.96828721
       1.3084715      0.96870317
       1.3084905      0.96860502
       1.3085093      0.95881825
       1.3085282      0.94242284
       1.3085470      0.93171068
       1.3085659      0.92977669
       1.3085848      0.93040484
       1.3086036      0.93572634
       1.3086226      0.95132628
       1.3086414      0.96533809
       1.3086602      0.96809558
       1.3086791      0.96631022
       1.3086980      0.96584752
       1.3087169      0.94929321
       1.3087357      0.93613669
       1.3087546      0.92951169
       1.3087735      0.92921725
       1.3087923      0.93391761
       1.3088113      0.94342769
       1.3088301      0.96342186
       1.3088489      0.96101957
       1.3088678      0.95846772
       1.3088867      0.95578033
       1.3089056      0.96205246
       1.3089244      0.96343121
       1.3089434      0.96883403
       1.3089622      0.96302460
       1.3089810      0.96449682
       1.3089999      0.95359303
       1.3090187      0.94291826
       1.3090376      0.93290808
       1.3090564      0.93468223
       1.3090753      0.94177787
       1.3090942      0.95851913
       1.3091130      0.97321798
       1.3091320      0.96685237
       1.3091508      0.96477257
       1.3091696      0.95878553
       1.3091885      0.96407618
       1.3092074      0.95845370
       1.3092263      0.94280141
       1.3092451      0.92464354
       1.3092640      0.90989375
       1.3092829      0.91034851
       1.3093017      0.92374526
       1.3093206      0.94149744
       1.3093395      0.95830414
       1.3093583      0.97035299
       1.3093772      0.97301701
       1.3093961      0.97367600
       1.3094150      0.97390502
       1.3094338      0.95936507
       1.3094528      0.95380335
       1.3094716      0.95401834
       1.3094904      0.95873412
       1.3095093      0.96526759
       1.3095282      0.97415896
       1.3095471      0.98305032
       1.3095659      0.99194168
       1.3095848       1.0008330
       1.3096037      0.99973666
       1.3096225      0.97855069
       1.3096413      0.96392195
       1.3096603      0.94906887
       1.3096791      0.94645159
       1.3096980      0.93795944
       1.3097169      0.93235191
       1.3097358      0.92137007
       1.3097546      0.92047505
       1.3097734      0.91324481
       1.3097924      0.89737566
       1.3098112      0.87522130
       1.3098301      0.89247480
       1.3098490      0.89865112
       1.3098678      0.90482744
       1.3098867      0.91100376
       1.3099056      0.90687967
       1.3099245      0.89810056
       1.3099433      0.89176673
       1.3099621      0.89308566
       1.3099811      0.88386487
       1.3099999      0.87307466
       1.3100188      0.86749237
       1.3100377      0.87081585
       1.3100566      0.88439160
       1.3100754      0.89846931
       1.3100942      0.92219592
       1.3101132      0.94194612
       1.3101320      0.95527090
       1.3101508      0.96471648
       1.3101698      0.96201507
       1.3101886      0.96111305
       1.3102075      0.95779938
       1.3102264      0.94726014
       1.3102453      0.94245088
       1.3102641      0.92981221
       1.3102829      0.92049094
       1.3103019      0.91768484
       1.3103207      0.92023763
       1.3103395      0.92586385
       1.3103584      0.92213563
       1.3103772      0.90401702
       1.3103961      0.93440227
       1.3104149      0.97049320
       1.3104339      0.98498641
       1.3104527      0.97708782
       1.3104715      0.97771877
       1.3104905      0.97483041
       1.3105093      0.97579320
       1.3105282      0.97956022
       1.3105471      0.98380863
       1.3105660      0.98224293
       1.3105848      0.95782275
       1.3106036      0.93313382
       1.3106226      0.92469262
       1.3106414      0.91694593
       1.3106602      0.92311898
       1.3106792      0.92617512
       1.3106980      0.92140746
       1.3107169      0.89531081
       1.3107357      0.86093374
       1.3107547      0.84168783
       1.3107735      0.84027496
       1.3107923      0.86796955
       1.3108113      0.89448730
       1.3108301      0.91156180
       1.3108490      0.92134717
       1.3108678      0.92362935
       1.3108867      0.92597836
       1.3109056      0.92443042
       1.3109244      0.92882325
       1.3109434      0.93765565
       1.3109622      0.95021393
       1.3109810      0.95483624
       1.3110000      0.94402125
       1.3110188      0.94093660
       1.3110377      0.94136191
       1.3110565      0.93900635
       1.3110755      0.92343913
       1.3110943      0.89367127
       1.3111131      0.86604164
       1.3111321      0.86402213
       1.3111509      0.87255354
       1.3111697      0.89550244
       1.3111886      0.89762477
       1.3112075      0.89218456
       1.3112264      0.89271082
       1.3112452      0.89060017
       1.3112642      0.88554180
       1.3112830      0.88817077
       1.3113018      0.91223949
       1.3113208      0.93090867
       1.3113396      0.95264427
       1.3113585      0.95640661
       1.3113773      0.94604497
       1.3113962      0.92565494
       1.3114151      0.90064026
       1.3114339      0.88639149
       1.3114529      0.88567220
       1.3114717      0.90008782
       1.3114905      0.90309209
       1.3115094      0.89602496
       1.3115283      0.88578764
       1.3115472      0.87158982
       1.3115660      0.87371309
       1.3115850      0.88480429
       1.3116038      0.89786921
       1.3116226      0.90757559
       1.3116415      0.91809099
       1.3116603      0.92495715
       1.3116791      0.92646676
       1.3116980      0.93784727
       1.3117169      0.94240415
       1.3117358      0.96044470
       1.3117546      0.96584285
       1.3117736      0.97028756
       1.3117924      0.95383606
       1.3118112      0.94367072
       1.3118301      0.92694208
       1.3118490      0.92874099
       1.3118679      0.93267206
       1.3118867      0.92997205
       1.3119056      0.92208702
       1.3119245      0.90709793
       1.3119433      0.90875944
       1.3119622      0.92107422
       1.3119811      0.93787999
       1.3119999      0.93970741
       1.3120188      0.94052531
       1.3120377      0.92791281
       1.3120566      0.92175706
       1.3120754      0.92376161
       1.3120944      0.92715707
       1.3121132      0.93371991
       1.3121320      0.92129202
       1.3121509      0.90778123
       1.3121698      0.90572666
       1.3121886      0.91321069
       1.3122075      0.90876785
       1.3122264      0.90303133
       1.3122453      0.89624182
       1.3122641      0.90306545
       1.3122829      0.89358528
       1.3123019      0.88198557
       1.3123207      0.86875193
       1.3123396      0.86462364
       1.3123585      0.89002016
       1.3123774      0.89938116
       1.3123962      0.90634547
       1.3124151      0.91278164
       1.3124340      0.90701240
       1.3124528      0.89733967
       1.3124717      0.88886482
       1.3124906      0.88209073
       1.3125094      0.85661709
       1.3125283      0.82776855
       1.3125472      0.82998063
       1.3125661      0.83728144
       1.3125849      0.85412272
       1.3126037      0.84772487
       1.3126227      0.83493524
       1.3126415      0.81694142
       1.3126604      0.79027644
       1.3126793      0.75184632
       1.3126982      0.70122152
       1.3127170      0.64686102
       1.3127358      0.59560434
       1.3127548      0.56236110
       1.3127736      0.55794444
       1.3127924      0.58411961
       1.3128114      0.62578909
       1.3128302      0.68083662
       1.3128491      0.72647877
       1.3128680      0.77858046
       1.3128869      0.81937549
       1.3129057      0.83375746
       1.3129245      0.83608076
       1.3129435      0.84082179
       1.3129623      0.84345356
       1.3129812      0.84910689
       1.3130000      0.85439053
       1.3130188      0.85922129
       1.3130377      0.86850703
       1.3130565      0.87066208
       1.3130755      0.86253448
       1.3130943      0.84665879
       1.3131131      0.83625463
       1.3131321      0.84278849
       1.3131509      0.86449978
       1.3131698      0.87307606
       1.3131887      0.87346772
       1.3132076      0.86380106
       1.3132264      0.87116684
       1.3132452      0.89496449
       1.3132642      0.91009799
       1.3132830      0.92843720
       1.3133018      0.93251222
       1.3133208      0.94161896
       1.3133396      0.93832866
       1.3133585      0.93732849
       1.3133773      0.93201727
       1.3133963      0.93895494
       1.3134151      0.93306045
       1.3134339      0.91768625
       1.3134529      0.90853090
       1.3134717      0.91384492
       1.3134906      0.93243230
       1.3135095      0.95555599
       1.3135283      0.95340029
       1.3135472      0.96280643
       1.3135660      0.97221257
       1.3135850      0.98161871
       1.3136038      0.97610634
       1.3136226      0.96607654
       1.3136416      0.96275820
       1.3136604      0.95601869
       1.3136793      0.95460255
       1.3136981      0.95730396
       1.3137171      0.96610925
       1.3137359      0.95998201
       1.3137547      0.93714154
       1.3137737      0.90300235
       1.3137925      0.87530636
       1.3138113      0.85657876
       1.3138302      0.87246427
       1.3138491      0.90296824
       1.3138680      0.91836908
       1.3138868      0.91494838
       1.3139058      0.89823890
       1.3139246      0.87992820
       1.3139434      0.88080826
       1.3139624      0.88184770
       1.3139812      0.88924105
       1.3140001      0.90431894
       1.3140189      0.93024313
       1.3140378      0.94665723
       1.3140567      0.95808915
       1.3140755      0.96061296
       1.3140945      0.96574470
       1.3141133      0.96466040
       1.3141321      0.96791798
       1.3141510      0.95230308
       1.3141699      0.93266271
       1.3141888      0.93137931
       1.3142076      0.93338994
       1.3142266      0.94342769
       1.3142454      0.93935221
       1.3142642      0.93849692
       1.3142832      0.92672475
       1.3143020      0.92109152
       1.3143207      0.91411319
       1.3143396      0.91460533
       1.3143585      0.91116080
       1.3143774      0.91776850
       1.3143962      0.93316374
       1.3144152      0.94101138
       1.3144340      0.94232937
       1.3144528      0.94468492
       1.3144717      0.94711993
       1.3144906      0.93684242
       1.3145095      0.93443031
       1.3145283      0.92139297
       1.3145472      0.91663840
       1.3145661      0.90940114
       1.3145849      0.88507163
       1.3146037      0.87057095
       1.3146227      0.87542694
       1.3146415      0.90195077
       1.3146604      0.92508241
       1.3146793      0.93584224
       1.3146982      0.93215281
       1.3147170      0.93457941
       1.3147360      0.93173965
       1.3147548      0.93804357
       1.3147736      0.94722743
       1.3147925      0.94373148
       1.3148114      0.93388672
       1.3148302      0.92229399
       1.3148491      0.91070125
       1.3148680      0.89910852
       1.3148869      0.88751579
       1.3149057      0.89609039
       1.3149245      0.90967409
       1.3149435      0.90412405
       1.3149623      0.89366099
       1.3149812      0.89095023
       1.3150001      0.89806504
       1.3150190      0.91331445
       1.3150378      0.91647996
       1.3150567      0.93534917
       1.3150756      0.95048033
       1.3150944      0.95779938
       1.3151132      0.96614197
       1.3151322      0.94769012
       1.3151510      0.92549510
       1.3151699      0.91389492
       1.3151888      0.90758494
       1.3152077      0.91969595
       1.3152265      0.92553576
       1.3152453      0.92886064
       1.3152643      0.92362421
       1.3152831      0.89849268
       1.3153020      0.88793522
       1.3153209      0.88651347
       1.3153397      0.87663837
       1.3153586      0.86915715
       1.3153775      0.86103329
       1.3153964      0.84985422
       1.3154152      0.82336404
       1.3154340      0.78975813
       1.3154530      0.73886413
       1.3154718      0.68392502
       1.3154907      0.64238874
       1.3155096      0.62440613
       1.3155285      0.64050289
       1.3155473      0.67399056
       1.3155661      0.70965525
       1.3155851      0.75191736
       1.3156039      0.78260500
       1.3156228      0.81030801
       1.3156417      0.83122010
       1.3156604      0.84772908
       1.3156793      0.87649208
       1.3156982      0.89834967
       1.3157171      0.91010874
       1.3157359      0.91297420
       1.3157547      0.90652353
       1.3157737      0.89672368
       1.3157925      0.91218668
       1.3158114      0.92200710
       1.3158303      0.92991270
       1.3158491      0.92430517
       1.3158680      0.90059819
       1.3158868      0.86787982
       1.3159058      0.85805239
       1.3159246      0.86684646
       1.3159434      0.87755675
       1.3159624      0.88759824
       1.3159812      0.90036077
       1.3160001      0.91708287
       1.3160189      0.92722905
       1.3160379      0.91654913
       1.3160567      0.89923206
       1.3160755      0.89466818
       1.3160945      0.90316453
       1.3161133      0.90424556
       1.3161322      0.88385506
       1.3161511      0.87132575
       1.3161699      0.87358877
       1.3161888      0.89593522
       1.3162076      0.92435190
       1.3162266      0.93984762
       1.3162454      0.94456808
       1.3162642      0.94016076
       1.3162832      0.93224208
       1.3163020      0.92792403
       1.3163209      0.92994962
       1.3163397      0.92665932
       1.3163586      0.93419850
       1.3163775      0.94601693
       1.3163963      0.95075608
       1.3164153      0.95139638
       1.3164341      0.94941005
       1.3164529      0.94151147
       1.3164719      0.94196949
       1.3164907      0.93886147
       1.3165096      0.93772108
       1.3165284      0.93489675
       1.3165474      0.94988210
       1.3165662      0.96361816
       1.3165850      0.97910687
       1.3166040      0.98132221
       1.3166228      0.97421816
       1.3166417      0.95770590
       1.3166605      0.95041490
       1.3166794      0.96144021
       1.3166983      0.96873588
       1.3167171      0.98306551
       1.3167361      0.97790105
       1.3167549      0.97310114
       1.3167737      0.97288615
       1.3167926      0.98754760
       1.3168115      0.99417494
       1.3168304      0.99811664
       1.3168492       1.0053720
       1.3168681       1.0126274
       1.3168870      0.98083614
       1.3169058      0.98624364
       1.3169248       1.0008350
       1.3169436       1.0050741
       1.3169624       1.0045085
       1.3169812      0.98680448
       1.3170001      0.98387406
       1.3170190      0.98268694
       1.3170378      0.97663447
       1.3170568      0.97039505
       1.3170756      0.95398095
       1.3170944      0.94181993
       1.3171133      0.92394623
       1.3171322      0.91351869
       1.3171511      0.89091565
       1.3171699      0.89572023
       1.3171888      0.90088142
       1.3172077      0.90131467
       1.3172265      0.90646698
       1.3172455      0.91026952
       1.3172643      0.94543739
       1.3172831      0.92651630
       1.3173020      0.91046068
       1.3173209      0.91733525
       1.3173398      0.92626906
       1.3173586      0.93999718
       1.3173775      0.93146531
       1.3173964      0.91172445
       1.3174152      0.89153678
       1.3174341      0.87684074
       1.3174530      0.87196184
       1.3174718      0.87891307
       1.3174907      0.88825396
       1.3175096      0.89846604
       1.3175285      0.90784900
       1.3175473      0.91410618
       1.3175663      0.93412746
       1.3175851      0.94940070
       1.3176039      0.96087936
       1.3176228      0.95046631
       1.3176417      0.93229489
       1.3176606      0.90584397
       1.3176794      0.89692558
       1.3176983      0.91372200
       1.3177172      0.93676297
       1.3177360      0.94596552
       1.3177548      0.93420878
       1.3177738      0.93330582
       1.3177926      0.94217046
       1.3178115      0.96235626
       1.3178304      0.96738050
       1.3178493      0.96717019
       1.3178681      0.96879664
       1.3178869      0.95886966
       1.3179059      0.93578149
       1.3179247      0.91636872
       1.3179436      0.89582960
       1.3179625      0.88898306
       1.3179813      0.89677509
       1.3180002      0.90804109
       1.3180191      0.92105413
       1.3180380      0.92204823
       1.3180568      0.91344531
       1.3180756      0.91132157
       1.3180946      0.91521572
       1.3181134      0.91702959
       1.3181323      0.88691167
       1.3181512      0.87792972
       1.3181701      0.90106510
       1.3181889      0.89711756
       1.3182077      0.90473771
       1.3182267      0.91235785
       1.3182455      0.90105715
       1.3182643      0.92868584
       1.3182833      0.95363042
       1.3183020      0.97463412
       1.3183209      0.98242521
       1.3183398      0.98087821
       1.3183587      0.96418835
       1.3183775      0.94201155
       1.3183963      0.92386303
       1.3184153      0.91487968
       1.3184341      0.91831486
       1.3184530      0.91853873
       1.3184719      0.92677757
       1.3184907      0.95002231
       1.3185096      0.95979973
       1.3185284      0.96547830
       1.3185474      0.96157574
       1.3185662      0.96140282
       1.3185850      0.96135608
       1.3186040      0.95221428
       1.3186228      0.94353986
       1.3186417      0.94564303
       1.3186606      0.94940684
       1.3186795      0.95422223
       1.3186983      0.95903762
       1.3187171      0.96385301
       1.3187361      0.96866841
       1.3187549      0.97348380
       1.3187737      0.97829919
       1.3187927      0.99219328
       1.3188115      0.99945624
       1.3188304      0.99505827
       1.3188492      0.98941242
       1.3188682      0.98663623
       1.3188870      0.96818438
       1.3189058      0.94065618
       1.3189248      0.92685562
       1.3189436      0.94711993
       1.3189625      0.97475563
       1.3189813      0.99057150
       1.3190002       1.0004237
       1.3190191       1.0007275
       1.3190379      0.98521542
       1.3190569      0.98025193
       1.3190757      0.97670457
       1.3190945      0.97714858
       1.3191135      0.97999020
       1.3191323      0.96538015
       1.3191512      0.95993527
       1.3191700      0.94670397
       1.3191890      0.94057672
       1.3192078      0.94835847
       1.3192266      0.97295625
       1.3192456      0.96811895
       1.3192644      0.96862371
       1.3192832      0.98285052
       1.3193021      0.98390678
       1.3193210      0.97549875
       1.3193399      0.98389743
       1.3193587      0.99286162
       1.3193777      0.98059311
       1.3193965      0.95213483
       1.3194153      0.96355740
       1.3194343      0.97875166
       1.3194531      0.98050431
       1.3194720      0.97460607
       1.3194908      0.96530779
       1.3195097      0.95306038
       1.3195286      0.94081298
       1.3195474      0.92856557
       1.3195664      0.91631817
       1.3195852      0.92139952
       1.3196040      0.94734894
       1.3196229      0.94752187
       1.3196417      0.93482291
       1.3196606      0.92814229
       1.3196794      0.93808096
       1.3196984      0.93502014
       1.3197172      0.92745853
       1.3197360      0.91405991
       1.3197549      0.91708287
       1.3197738      0.93344229
       1.3197926      0.93924939
       1.3198115      0.94524109
       1.3198304      0.95696746
       1.3198493      0.97203086
       1.3198681      0.97279735
       1.3198871      0.97490519
       1.3199059      0.96959585
       1.3199247      0.96289730
       1.3199436      0.95354407
       1.3199625      0.94419085
       1.3199814      0.93483763
       1.3200002      0.92548441
       1.3200191      0.91613118
       1.3200380      0.90677796
       1.3200568      0.88565397
       1.3200757      0.90524854
       1.3200946      0.92221882
       1.3201134      0.93172236
       1.3201323      0.92546285
       1.3201512      0.91182119
       1.3201701      0.91258488
       1.3201889      0.92720381
       1.3202079      0.92117424
       1.3202267      0.91068314
       1.3202455      0.90117680
       1.3202644      0.91598969
       1.3202833      0.90734471
       1.3203021      0.86214049
       1.3203210      0.87410428
       1.3203399      0.91077755
       1.3203588      0.94566173
       1.3203776      0.96181410
       1.3203964      0.94924180
       1.3204154      0.91856864
       1.3204342      0.87897196
       1.3204531      0.84163268
       1.3204720      0.81998354
       1.3204909      0.83369717
       1.3205097      0.85931569
       1.3205286      0.88608536
       1.3205475      0.89726396
       1.3205663      0.89926525
       1.3205852      0.90972363
       1.3206041      0.92098215
       1.3206229      0.93737522
       1.3206418      0.94633007
       1.3206607      0.95399497
       1.3206796      0.95883694
       1.3206984      0.97377415
       1.3207172      0.97118024
       1.3207362      0.96263200
       1.3207550      0.94455873
       1.3207739      0.92335874
       1.3207928      0.92290539
       1.3208116      0.92171546
       1.3208305      0.93029641
       1.3208494      0.93736120
       1.3208683      0.95016252
       1.3208871      0.95463994
       1.3209059      0.95199462
       1.3209249      0.95234515
       1.3209437      0.90874776
       1.3209625      0.86448576
       1.3209814      0.84204116
       1.3210003      0.85994337
       1.3210191      0.89360070
       1.3210379      0.92805256
       1.3210569      0.95210211
       1.3210757      0.94559162
       1.3210946      0.93035623
       1.3211135      0.91690994
       1.3211323      0.91477592
       1.3211512      0.90786583
       1.3211700      0.89873618
       1.3211890      0.87749319
       1.3212078      0.86860892
       1.3212266      0.87536104
       1.3212456      0.88157054
       1.3212644      0.89115611
       1.3212833      0.90074168
       1.3213022      0.91032724
       1.3213211      0.91991281
       1.3213399      0.87560407
       1.3213587      0.86138615
       1.3213777      0.87352380
       1.3213965      0.87951317
       1.3214153      0.89702887
       1.3214343      0.92720661
       1.3214531      0.94915767
       1.3214720      0.96898826
       1.3214908      0.96481463
       1.3215098      0.96394065
       1.3215286      0.95501384
       1.3215474      0.94801728
       1.3215664      0.94573651
       1.3215852      0.94963439
       1.3216041      0.95066728
       1.3216230      0.95345749
       1.3216418      0.96917989
       1.3216607      0.96905370
       1.3216795      0.96229409
       1.3216985      0.95547140
       1.3217173      0.94864870
       1.3217361      0.96550634
       1.3217551      0.97600819
       1.3217739      0.97740563
       1.3217928      0.96331904
       1.3218116      0.94546076
       1.3218306      0.94457743
       1.3218494      0.95458853
       1.3218682      0.96176269
       1.3218872      0.96587557
       1.3219060      0.96180008
       1.3219248      0.94964841
       1.3219437      0.95122346
       1.3219626      0.96035123
       1.3219815      0.95825927
       1.3220003      0.96073120
       1.3220193      0.96320313
       1.3220381      0.96567506
       1.3220569      0.94417081
       1.3220759      0.92205617
       1.3220947      0.92101534
       1.3221136      0.92613633
       1.3221324      0.94069357
       1.3221513      0.94707787
       1.3221702      0.94661517
       1.3221890      0.94552152
       1.3222080      0.95004100
       1.3222268      0.93443031
       1.3222456      0.92517495
       1.3222645      0.92122098
       1.3222834      0.92075174
       1.3223022      0.92298718
       1.3223210      0.93643581
       1.3223400      0.92672008
       1.3223588      0.92509549
       1.3223776      0.91903929
       1.3223966      0.92388547
       1.3224154      0.93999765
       1.3224342      0.92533432
       1.3224531      0.92599378
       1.3224720      0.93950177
       1.3224909      0.94070291
       1.3225097      0.92174163
       1.3225287      0.90035703
       1.3225475      0.90233401
       1.3225663      0.91799938
       1.3225852      0.93637739
       1.3226041      0.94258175
       1.3226230      0.94181526
       1.3226418      0.94750785
       1.3226607      0.95262966
       1.3226796      0.96059777
       1.3226984      0.96856588
       1.3227172      0.97653398
       1.3227362      0.98450209
       1.3227550      0.99174694
       1.3227739      0.99252979
       1.3227928      0.99331264
       1.3228117      0.99409549
       1.3228305      0.99487833
       1.3228495      0.99566118
       1.3228683      0.99644403
       1.3228871      0.99722688
       1.3229060      0.99854954
       1.3229249      0.99022565
       1.3229437      0.98382732
       1.3229626      0.97196075
       1.3229815      0.95628977
       1.3230004      0.95386411
       1.3230192      0.97264779
       1.3230380      0.95422168
       1.3230570      0.94518741
       1.3230758      0.93615315
       1.3230947      0.92711888
       1.3231136      0.91808461
       1.3231325      0.90905035
       1.3231513      0.87669726
       1.3231702      0.88547590
       1.3231891      0.90310190
       1.3232079      0.91701043
       1.3232267      0.90566357
       1.3232457      0.88794643
       1.3232645      0.88849653
       1.3232834      0.89251266
       1.3233023      0.90152359
       1.3233212      0.91985158
       1.3233400      0.92147243
       1.3233588      0.91235493
       1.3233778      0.91974455
       1.3233966      0.94483915
       1.3234155      0.95506525
       1.3234344      0.95501331
       1.3234532      0.96007442
       1.3234721      0.96513552
       1.3234910      0.97019663
       1.3235099      0.97525773
       1.3235287      0.97943918
       1.3235475      0.97943918
       1.3235665      0.97943918
       1.3235853      0.97943918
       1.3236042      0.97943918
       1.3236230      0.97943918
       1.3236419      0.97943918
       1.3236607      0.97943918
       1.3236795      0.97943918
       1.3236985      0.97943918
       1.3237173      0.97943918
       1.3237361      0.97943918
       1.3237551      0.97943918
       1.3237739      0.97943918
